100(from 10 in 3.subdiv.)
(154, 130)
[1118,1153]
 ^----v 
[1104,1194]
 ^----v 
[1055,1194]
 ^----v 
[1041,1153]
 ^----v 
[1080,1129]
189
(178, 190)
[2762,629]
 ^----v 
[2801,659]
 ^----v 
[2796,706]
 ^----v 
[2754,724]
 ^----v 
[2712,694]
 ^----v 
[2716,645]
 ^----v 
190
(230, 178)
[2851,531]
 ^----v 
[2827,574]
 ^----v 
[2773,584]
 ^----v 
[2736,553]
 ^----v 
[2755,506]
 ^----v 
[2818,495]
 ^----v 
191
(230, 178)
[2941,495]
 ^----v 
[3004,506]
 ^----v 
[3023,553]
 ^----v 
[2986,584]
 ^----v 
[2932,574]
 ^----v 
[2908,531]
 ^----v 
192
(186, 170)
[2277,629]
 ^----v 
[2238,659]
 ^----v 
[2198,646]
 ^----v 
[2184,605]
 ^----v 
[2212,574]
 ^----v 
[2266,584]
 ^----v 
193
(168, 170)
[2203,731]
 ^----v 
[2159,710]
 ^----v 
[2159,670]
 ^----v 
[2198,646]
 ^----v 
[2238,659]
 ^----v 
[2243,706]
 ^----v 
194
(166, 170)
[2076,706]
 ^----v 
[2081,659]
 ^----v 
[2121,646]
 ^----v 
[2159,670]
 ^----v 
[2159,710]
 ^----v 
[2116,731]
 ^----v 
195
(186, 170)
[2053,584]
 ^----v 
[2107,574]
 ^----v 
[2135,605]
 ^----v 
[2121,646]
 ^----v 
[2081,659]
 ^----v 
[2042,629]
 ^----v 
196
(210, 148)
[2188,531]
 ^----v 
[2212,574]
 ^----v 
[2184,605]
 ^----v 
[2135,605]
 ^----v 
[2107,574]
 ^----v 
[2131,531]
 ^----v 
197
(178, 190)
[2243,706]
 ^----v 
[2238,659]
 ^----v 
[2277,629]
 ^----v 
[2323,645]
 ^----v 
[2327,694]
 ^----v 
[2285,724]
 ^----v 
198
(178, 178)
[2116,731]
 ^----v 
[2159,710]
 ^----v 
[2203,731]
 ^----v 
[2204,775]
 ^----v 
[2159,799]
 ^----v 
[2115,775]
 ^----v 
199
(178, 190)
[2042,629]
 ^----v 
[2081,659]
 ^----v 
[2076,706]
 ^----v 
[2034,724]
 ^----v 
[1992,694]
 ^----v 
[1996,645]
